0
13
0
5
9
48
49
126
49
49
54
55
46
48
48
48
126
48
46
48
48
48
126
48
50
126
49
48
48
46
48
48
48
126
48
46
48
48
48
126
48
51
126
49
49
56
55
46
48
48
48
126
48
46
48
48
48
126
48
52
126
49
52
48
48
46
48
48
48
126
48
46
48
48
48
126
48
53
126
49
48
48
46
48
48
48
126
48
46
48
48
48
126
48
54
126
49
51
56
54
46
48
48
48
126
48
46
48
48
48
126
48
55
126
49
48
48
46
48
48
48
126
48
46
48
48
48
126
48
56
126
49
49
56
55
46
48
48
48
126
48
46
48
48
48
126
48
57
126
49
52
55
49
46
48
48
48
126
48
46
48
48
48
126
0
3
3
6
1
4
0
3
3
6
1
4
0
3
3
6
1
4
0
3
3
6
1
4
0
0
6
0
0
6
0
0
3
0
0
3
0
0
6
0
0
6
0
