0
50
49
50
54
50
46
55
51
126
48
46
48
48
126
56
55
51
55
46
50
55
126
49
53
49
56
55
46
51
57
126
48
46
48
48
126
49
52
56
49
50
46
54
49
126
57
55
51
57
46
56
55
126
48
46
48
48
126
50
48
50
54
48
46
49
51
126
54
49
56
52
46
48
48
126
48
46
48
48
126
50
51
56
49
54
46
48
48
126
49
55
51
48
56
46
48
52
126
48
46
48
48
126
48
46
48
48
126
48
46
48
48
126
48
46
48
48
126
48
46
48
48
126
48
46
48
48
126
48
46
48
48
126
48
46
48
48
126
48
46
48
48
126
48
46
48
48
126
48
46
48
48
126
48
46
48
48
126
48
46
48
48
126
48
46
48
48
126
48
46
48
48
126
48
46
48
48
126
48
46
48
48
126
48
46
48
48
126
48
46
48
48
126
48
46
48
48
126
48
46
48
48
126
48
46
48
48
126
48
46
48
48
126
48
46
48
48
126
48
46
48
48
126
48
46
48
48
126
48
46
48
48
126
48
46
48
48
126
48
46
48
48
126
127
144
0
0
0
0
0
0
0
0
